24
RHipYawPitch
LHipYawPitch
RShoulderPitch
LShoulderPitch
HeadYaw
RHipRoll
LHipRoll
RShoulderRoll
LShoulderRoll
HeadPitch
RHipPitch
LHipPitch
RElbowYaw
LElbowYaw
RKneePitch
LKneePitch
RElbowRoll
LElbowRoll
RAnklePitch
LAnklePitch
RWristYaw
LWristYaw
RAnkleRoll
LAnkleRoll
    0.000              RHipYawPitch                       NAO 
    1.062     0.079    -0.325 
    0.003    -0.002     0.009    -0.002     0.031     0.001     0.009     0.001     0.029 
    1.062     0.079    -0.325 
    0.003    -0.002     0.009    -0.002     0.031     0.001     0.009     0.001     0.029 
    0.000              LHipYawPitch                       NAO 
    1.062     0.079    -0.325 
    0.003    -0.002     0.009    -0.002     0.031     0.001     0.009     0.001     0.029 
    1.062     0.079    -0.325 
    0.003    -0.002     0.009    -0.002     0.031     0.001     0.009     0.001     0.029 
    0.000            RShoulderPitch                       NAO 
    1.062     0.079    -0.325 
    0.003    -0.002     0.009    -0.002     0.031     0.001     0.009     0.001     0.029 
    1.062     0.079    -0.325 
    0.003    -0.002     0.009    -0.002     0.031     0.001     0.009     0.001     0.029 
    0.000            LShoulderPitch                       NAO 
    1.062     0.079    -0.325 
    0.003    -0.002     0.009    -0.002     0.031     0.001     0.009     0.001     0.029 
    1.062     0.079    -0.325 
    0.003    -0.002     0.009    -0.002     0.031     0.001     0.009     0.001     0.029 
    0.000                   HeadYaw                       NAO 
    1.062     0.079    -0.325 
    0.003    -0.002     0.009    -0.002     0.031     0.001     0.009     0.001     0.029 
    1.062     0.079    -0.325 
    0.003    -0.002     0.009    -0.002     0.031     0.001     0.009     0.001     0.029 
    0.000                  RHipRoll       RPelvis_respondable 
    1.062     0.079    -0.325 
    0.003    -0.002     0.009    -0.002     0.031     0.001     0.009     0.001     0.029 
    1.062     0.079    -0.325 
    0.003    -0.002     0.009    -0.002     0.031     0.001     0.009     0.001     0.029 
    0.000                  LHipRoll       LPelvis_respondable 
    1.062     0.079    -0.325 
    0.003    -0.002     0.009    -0.002     0.031     0.001     0.009     0.001     0.029 
    1.062     0.079    -0.325 
    0.003    -0.002     0.009    -0.002     0.031     0.001     0.009     0.001     0.029 
    0.000             RShoulderRoll     RShoulder_respondable 
    1.062     0.079    -0.325 
    0.003    -0.002     0.009    -0.002     0.031     0.001     0.009     0.001     0.029 
    1.062     0.079    -0.325 
    0.003    -0.002     0.009    -0.002     0.031     0.001     0.009     0.001     0.029 
    0.000             LShoulderRoll     LShoulder_respondable 
    1.062     0.079    -0.325 
    0.003    -0.002     0.009    -0.002     0.031     0.001     0.009     0.001     0.029 
    1.062     0.079    -0.325 
    0.003    -0.002     0.009    -0.002     0.031     0.001     0.009     0.001     0.029 
    0.000                 HeadPitch          Neck_respondable 
    1.062     0.079    -0.325 
    0.003    -0.002     0.009    -0.002     0.031     0.001     0.009     0.001     0.029 
    1.062     0.079    -0.325 
    0.003    -0.002     0.009    -0.002     0.031     0.001     0.009     0.001     0.029 
    0.000                 RHipPitch          RHip_respondable 
    1.062     0.079    -0.325 
    0.003    -0.002     0.009    -0.002     0.031     0.001     0.009     0.001     0.029 
    1.062     0.079    -0.325 
    0.003    -0.002     0.009    -0.002     0.031     0.001     0.009     0.001     0.029 
    0.000                 LHipPitch          LHip_respondable 
    1.062     0.079    -0.325 
    0.003    -0.002     0.009    -0.002     0.031     0.001     0.009     0.001     0.029 
    1.062     0.079    -0.325 
    0.003    -0.002     0.009    -0.002     0.031     0.001     0.009     0.001     0.029 
    0.000                 RElbowYaw       RBiceps_respondable 
    1.062     0.079    -0.325 
    0.003    -0.002     0.009    -0.002     0.031     0.001     0.009     0.001     0.029 
    1.062     0.079    -0.325 
    0.003    -0.002     0.009    -0.002     0.031     0.001     0.009     0.001     0.029 
    0.000                 LElbowYaw       LBiceps_respondable 
    1.062     0.079    -0.325 
    0.003    -0.002     0.009    -0.002     0.031     0.001     0.009     0.001     0.029 
    1.062     0.079    -0.325 
    0.003    -0.002     0.009    -0.002     0.031     0.001     0.009     0.001     0.029 
    0.000                RKneePitch        RTight_respondable 
    1.062     0.079    -0.325 
    0.003    -0.002     0.009    -0.002     0.031     0.001     0.009     0.001     0.029 
    1.062     0.079    -0.325 
    0.003    -0.002     0.009    -0.002     0.031     0.001     0.009     0.001     0.029 
    0.000                LKneePitch        LTight_respondable 
    1.062     0.079    -0.325 
    0.003    -0.002     0.009    -0.002     0.031     0.001     0.009     0.001     0.029 
    1.062     0.079    -0.325 
    0.003    -0.002     0.009    -0.002     0.031     0.001     0.009     0.001     0.029 
    0.000                RElbowRoll        RElbow_respondable 
    1.062     0.079    -0.325 
    0.003    -0.002     0.009    -0.002     0.031     0.001     0.009     0.001     0.029 
    1.062     0.079    -0.325 
    0.003    -0.002     0.009    -0.002     0.031     0.001     0.009     0.001     0.029 
    0.000                LElbowRoll        LElbow_respondable 
    1.062     0.079    -0.325 
    0.003    -0.002     0.009    -0.002     0.031     0.001     0.009     0.001     0.029 
    1.062     0.079    -0.325 
    0.003    -0.002     0.009    -0.002     0.031     0.001     0.009     0.001     0.029 
    0.000               RAnklePitch        RTibia_respondable 
    1.062     0.079    -0.325 
    0.003    -0.002     0.009    -0.002     0.031     0.001     0.009     0.001     0.029 
    1.062     0.079    -0.325 
    0.003    -0.002     0.009    -0.002     0.031     0.001     0.009     0.001     0.029 
    0.000               LAnklePitch        LTibia_respondable 
    1.062     0.079    -0.325 
    0.003    -0.002     0.009    -0.002     0.031     0.001     0.009     0.001     0.029 
    1.062     0.079    -0.325 
    0.003    -0.002     0.009    -0.002     0.031     0.001     0.009     0.001     0.029 
    0.000                 RWristYaw      RForeArm_respondable 
    1.062     0.079    -0.325 
    0.003    -0.002     0.009    -0.002     0.031     0.001     0.009     0.001     0.029 
    1.062     0.079    -0.325 
    0.003    -0.002     0.009    -0.002     0.031     0.001     0.009     0.001     0.029 
    0.000                 LWristYaw      LForeArm_respondable 
    1.062     0.079    -0.325 
    0.003    -0.002     0.009    -0.002     0.031     0.001     0.009     0.001     0.029 
    1.062     0.079    -0.325 
    0.003    -0.002     0.009    -0.002     0.031     0.001     0.009     0.001     0.029 
    0.000                RAnkleRoll        RAnkle_respondable 
    1.062     0.079    -0.325 
    0.003    -0.002     0.009    -0.002     0.031     0.001     0.009     0.001     0.029 
    1.062     0.079    -0.325 
    0.003    -0.002     0.009    -0.002     0.031     0.001     0.009     0.001     0.029 
    0.000                LAnkleRoll        LAnkle_respondable 
    1.062     0.079    -0.325 
    0.003    -0.002     0.009    -0.002     0.031     0.001     0.009     0.001     0.029 
    1.062     0.079    -0.325 
    0.003    -0.002     0.009    -0.002     0.031     0.001     0.009     0.001     0.029 
