54
NAO
RPelvis_respondable
LPelvis_respondable
RShoulder_respondable
LShoulder_respondable
Neck_respondable
RHip_respondable
LHip_respondable
RBiceps_respondable
LBiceps_respondable
Head_respondable
RTight_respondable
LTight_respondable
RElbow_respondable
LElbow_respondable
RTibia_respondable
LTibia_respondable
RForeArm_respondable
LForeArm_respondable
RAnkle_respondable
LAnkle_respondable
RFingerSphere
LFingerSphere
r_sole_link_pure
l_sole_link_pure
r_sole_link_pureD
r_sole_link_pureB
r_sole_link_pureC
r_sole_link_pureA
l_sole_link_pureD
l_sole_link_pureB
l_sole_link_pureC
l_sole_link_pureA
    1.050                       NAO                    (null) 
    0.855    -0.000     0.204 
    0.049     0.000    -0.183     0.000     0.817     0.000    -0.183     0.000     0.770 
   -0.003     0.000    -0.000 
    0.005     0.000     0.000     0.000     0.005     0.000     0.000     0.000     0.002 
    0.071       RPelvis_respondable              RHipYawPitch 
   -0.020    -0.036    -0.071 
    0.001    -0.000    -0.000    -0.000     0.001    -0.000    -0.000    -0.000     0.000 
    0.990    -0.089    -0.124 
    0.002     0.006     0.009     0.006     0.071    -0.001     0.009    -0.001     0.071 
    0.071       LPelvis_respondable              LHipYawPitch 
    0.986    -0.038    -0.175 
    0.002     0.003     0.012     0.003     0.072    -0.000     0.012    -0.000     0.069 
    0.994    -0.060    -0.077 
    0.001     0.004     0.005     0.004     0.071    -0.000     0.005    -0.000     0.071 
    0.075     RShoulder_respondable            RShoulderPitch 
    1.030     0.153    -0.104 
    0.003    -0.012     0.008    -0.012     0.080     0.001     0.008     0.001     0.081 
    1.015     0.099     0.098 
    0.002    -0.008    -0.007    -0.008     0.078    -0.001    -0.007    -0.001     0.078 
    0.075     LShoulder_respondable            LShoulderPitch 
    1.015     0.099    -0.098 
    0.002    -0.008     0.007    -0.008     0.078     0.001     0.007     0.001     0.078 
    1.015     0.100    -0.098 
    0.002    -0.008     0.007    -0.008     0.078     0.001     0.007     0.001     0.078 
    0.060          Neck_respondable                   HeadYaw 
    1.018     0.126     0.000 
    0.001    -0.008    -0.000    -0.008     0.062    -0.000    -0.000    -0.000     0.063 
    1.018    -0.000     0.126 
    0.001     0.000    -0.008     0.000     0.063     0.000    -0.008     0.000     0.062 
    0.130          RHip_respondable                  RHipRoll 
    0.985    -0.049    -0.092 
    0.002     0.006     0.012     0.006     0.128    -0.001     0.012    -0.001     0.127 
   -0.083    -0.049    -0.977 
    0.125    -0.001    -0.011    -0.001     0.125    -0.006    -0.011    -0.006     0.001 
    0.130          LHip_respondable                  LHipRoll 
   -0.083     0.049    -0.977 
    0.125     0.001    -0.011     0.001     0.125     0.006    -0.011     0.006     0.001 
   -0.084     0.049    -0.977 
    0.125     0.001    -0.011     0.001     0.125     0.006    -0.011     0.006     0.001 
    0.158       RBiceps_respondable             RShoulderRoll 
    0.103    -0.105    -1.044 
    0.174     0.002     0.017     0.002     0.174    -0.017     0.017    -0.017     0.004 
    1.015    -0.098     0.093 
    0.003     0.016    -0.015     0.016     0.165     0.001    -0.015     0.001     0.165 
    0.158       LBiceps_respondable             LShoulderRoll 
    1.015     0.111     0.091 
    0.003    -0.018    -0.014    -0.018     0.164    -0.002    -0.014    -0.002     0.165 
    1.012     0.097     0.121 
    0.004    -0.015    -0.019    -0.015     0.164    -0.002    -0.019    -0.002     0.164 
    0.600          Head_respondable                 HeadPitch 
    0.983    -0.008     0.204 
    0.028     0.005    -0.120     0.005     0.605     0.001    -0.120     0.001     0.582 
    1.023     0.177    -0.061 
    0.024    -0.109     0.038    -0.109     0.633     0.007     0.038     0.007     0.648 
    0.390        RTight_respondable                 RHipPitch 
    0.996    -0.136    -0.008 
    0.009     0.053     0.003     0.053     0.387    -0.000     0.003    -0.000     0.395 
    0.994    -0.132     0.105 
    0.013     0.051    -0.041     0.051     0.390     0.005    -0.041     0.005     0.393 
    0.390        LTight_respondable                 LHipPitch 
    0.994    -0.132    -0.001 
    0.008     0.051     0.000     0.051     0.386    -0.000     0.000    -0.000     0.393 
    0.994    -0.140    -0.001 
    0.009     0.054     0.000     0.054     0.386    -0.000     0.000    -0.000     0.394 
    0.065        RElbow_respondable                 RElbowYaw 
    1.116     0.084     0.165 
    0.002    -0.006    -0.012    -0.006     0.083    -0.001    -0.012    -0.001     0.081 
    0.086    -0.113    -1.120 
    0.082     0.001     0.006     0.001     0.082    -0.008     0.006    -0.008     0.001 
    0.065        LElbow_respondable                 LElbowYaw 
    0.080     0.112    -1.119 
    0.082    -0.001     0.006    -0.001     0.082     0.008     0.006     0.008     0.001 
    0.079     0.112    -1.119 
    0.082    -0.001     0.006    -0.001     0.082     0.008     0.006     0.008     0.001 
    0.292        RTibia_respondable                RKneePitch 
   -0.238    -0.054    -0.997 
    0.291    -0.004    -0.069    -0.004     0.308    -0.016    -0.069    -0.016     0.019 
    0.993    -0.231     0.106 
    0.020     0.067    -0.031     0.067     0.291     0.007    -0.031     0.007     0.304 
    0.292        LTibia_respondable                LKneePitch 
    0.993    -0.231    -0.002 
    0.017     0.067     0.001     0.067     0.288    -0.000     0.001    -0.000     0.304 
    0.993    -0.241    -0.002 
    0.018     0.070     0.000     0.070     0.288    -0.000     0.000    -0.000     0.305 
    0.078      RForeArm_respondable                RElbowRoll 
    1.136     0.084     0.167 
    0.003    -0.007    -0.015    -0.007     0.103    -0.001    -0.015    -0.001     0.101 
    1.123    -0.074     0.088 
    0.001     0.006    -0.008     0.006     0.099     0.001    -0.008     0.001     0.099 
    0.078      LForeArm_respondable                LElbowRoll 
    1.114     0.155     0.081 
    0.002    -0.013    -0.007    -0.013     0.097    -0.001    -0.007    -0.001     0.099 
    1.123     0.072     0.078 
    0.001    -0.006    -0.007    -0.006     0.099    -0.000    -0.007    -0.000     0.099 
    0.134        RAnkle_respondable               RAnklePitch 
    0.966    -0.086    -0.277 
    0.012     0.011     0.036     0.011     0.136    -0.003     0.036    -0.003     0.126 
    0.992    -0.273     0.036 
    0.010     0.036    -0.005     0.036     0.133     0.001    -0.005     0.001     0.142 
    0.134        LAnkle_respondable               LAnklePitch 
    0.992    -0.273    -0.063 
    0.011     0.036     0.008     0.036     0.133    -0.002     0.008    -0.002     0.142 
    0.992    -0.274    -0.063 
    0.011     0.036     0.008     0.036     0.133    -0.002     0.008    -0.002     0.143 
    0.034             RFingerSphere                 RWristYaw 
    1.249     0.072     0.100 
    0.001    -0.003    -0.004    -0.003     0.053    -0.000    -0.004    -0.000     0.052 
   -0.028    -0.207    -1.231 
    0.052    -0.000    -0.001    -0.000     0.051    -0.009    -0.001    -0.009     0.001 
    0.034             LFingerSphere                 LWristYaw 
   -0.076     0.015    -1.246 
    0.052     0.000    -0.003     0.000     0.052     0.001    -0.003     0.001     0.000 
    0.101     0.305    -1.199 
    0.051    -0.001     0.004    -0.001     0.049     0.012     0.004     0.012     0.003 
    0.100          r_sole_link_pure                RAnkleRoll 
   -0.309     0.148    -1.024 
    0.108     0.005    -0.032     0.005     0.116     0.015    -0.032     0.015     0.013 
   -0.344    -0.049    -0.974 
    0.096    -0.002    -0.034    -0.002     0.109    -0.005    -0.034    -0.005     0.013 
    0.100          l_sole_link_pure                LAnkleRoll 
   -0.344     0.049    -0.974 
    0.096     0.002    -0.034     0.002     0.109     0.005    -0.034     0.005     0.013 
   -0.345     0.049    -0.974 
    0.096     0.002    -0.034     0.002     0.109     0.005    -0.034     0.005     0.013 
    0.025         r_sole_link_pureD                NAO_RFsrRR 
   -0.345    -0.079    -0.924 
    0.022    -0.001    -0.008    -0.001     0.025    -0.002    -0.008    -0.002     0.003 
    0.962    -0.079    -0.324 
    0.003     0.002     0.008     0.002     0.026    -0.001     0.008    -0.001     0.024 
    0.025         r_sole_link_pureB                NAO_RFsrFR 
    1.062    -0.079    -0.325 
    0.003     0.002     0.009     0.002     0.031    -0.001     0.009    -0.001     0.029 
    1.062    -0.079    -0.325 
    0.003     0.002     0.009     0.002     0.031    -0.001     0.009    -0.001     0.029 
    0.025         r_sole_link_pureC                NAO_RFsrRL 
    0.961    -0.030    -0.324 
    0.003     0.001     0.008     0.001     0.026    -0.000     0.008    -0.000     0.023 
    0.961    -0.030    -0.324 
    0.003     0.001     0.008     0.001     0.026    -0.000     0.008    -0.000     0.023 
    0.025         r_sole_link_pureA                NAO_RFsrFL 
    1.062    -0.026    -0.325 
    0.003     0.001     0.009     0.001     0.031    -0.000     0.009    -0.000     0.028 
    1.062    -0.026    -0.325 
    0.003     0.001     0.009     0.001     0.031    -0.000     0.009    -0.000     0.028 
    0.025         l_sole_link_pureD                NAO_LFsrRR 
    0.962     0.030    -0.324 
    0.003    -0.001     0.008    -0.001     0.026     0.000     0.008     0.000     0.023 
    0.962     0.030    -0.324 
    0.003    -0.001     0.008    -0.001     0.026     0.000     0.008     0.000     0.023 
    0.025         l_sole_link_pureB                NAO_LFsrFR 
    1.062     0.026    -0.325 
    0.003    -0.001     0.009    -0.001     0.031     0.000     0.009     0.000     0.029 
    1.062     0.026    -0.325 
    0.003    -0.001     0.009    -0.001     0.031     0.000     0.009     0.000     0.029 
    0.025         l_sole_link_pureC                NAO_LFsrRL 
    0.962     0.079    -0.324 
    0.003    -0.002     0.008    -0.002     0.026     0.001     0.008     0.001     0.024 
    0.962     0.079    -0.324 
    0.003    -0.002     0.008    -0.002     0.026     0.001     0.008     0.001     0.024 
    0.025         l_sole_link_pureA                NAO_LFsrFL 
    1.062     0.079    -0.325 
    0.003    -0.002     0.009    -0.002     0.031     0.001     0.009     0.001     0.029 
    1.062     0.079    -0.325 
    0.003    -0.002     0.009    -0.002     0.031     0.001     0.009     0.001     0.029 
